 0.37980  0.32580  0.29440 

ans =

   2.2587e-04


ans =

    0.5571


ans =

   1.3903e-05


ans =

    0.0300

OPTIMAL

  1.000   0.037   0.204   0.986 
  0.037   1.000   0.020   0.038 
  0.204   0.020   1.000   0.220 
  0.986   0.038   0.220   1.000 
& \multicolumn{5}{c}{$M_1$} \\ \cmidrule(lr){2-6}  
 $\beta_0$& $-0.503$& $0.001$& $3.375$& $-2.053$& $-1.934$\\ 
 $\beta_1$& $-0.000$& $-0.500$& $0.018$& $-0.015$& $-0.014$\\ 
 $\beta_2$& $-0.000$& $0.000$& $-0.228$& $-0.251$& $-0.184$\\ 
 $\alpha$& $-0.019$& $0.009$& $24.478$& $-15.092$& $-14.181$\\ 
\cmidrule(lr){2-6} 
& \multicolumn{5}{c}{$\mathcal{E}_2$} \\ \cmidrule(lr){2-6}  
 $\beta_0$& $0.028$& $0.000$& $1.282$& $0.474$& $0.421$\\ 
 $\beta_1$& $0.000$& $0.998$& $0.001$& $0.001$& $0.001$\\ 
 $\beta_2$& $0.000$& $0.000$& $0.155$& $0.187$& $0.100$\\ 
 $\alpha$& $0.000$& $0.000$& $1.299$& $0.494$& $0.436$\\ 
\cmidrule(lr){2-6} 
& \multicolumn{5}{c}{$\mathcal{E}_3$} \\ \cmidrule(lr){2-6}  
 $\beta_0$& $0.028$& $0.000$& $1.282$& $0.474$& $0.421$\\ 
 $\beta_1$& $0.000$& $0.998$& $0.001$& $0.001$& $0.001$\\ 
 $\beta_2$& $0.000$& $0.000$& $0.155$& $0.187$& $0.100$\\ 
 $\alpha$& $0.000$& $0.000$& $1.299$& $0.494$& $0.436$\\ 
\cmidrule(lr){2-6} 
& \multicolumn{5}{c}{$\mathcal{E}_4$} \\ \cmidrule(lr){2-6}  
 $\beta_0$& $> \negthinspace 100^*$& $> \negthinspace 100^*$& $4.841$& $0.196$& $0.274$\\ 
 $\beta_1$& $0.324^*$& $> \negthinspace 100^*$& $0.005$& $0.000$& $0.001$\\ 
 $\beta_2$& $0.012^*$& $> \negthinspace 100^*$& $0.584$& $0.077$& $0.065$\\ 
 $\alpha$& $3.935^*$& $> \negthinspace 100^*$& $4.904$& $0.203$& $0.284$\\ 
\cmidrule(lr){2-6} 
& \multicolumn{5}{c}{$\mathcal{E}_5$} \\ \cmidrule(lr){2-6}  
 $\beta_0$& $> \negthinspace 100^*$& $> \negthinspace 100^*$& $4.841$& $0.196$& $0.274$\\ 
 $\beta_1$& $0.324^*$& $> \negthinspace 100^*$& $0.005$& $0.000$& $0.001$\\ 
 $\beta_2$& $0.012^*$& $> \negthinspace 100^*$& $0.584$& $0.077$& $0.065$\\ 
 $\alpha$& $3.935^*$& $> \negthinspace 100^*$& $4.904$& $0.203$& $0.284$\\ 
\cmidrule(lr){2-6} 
& \multicolumn{5}{c}{$\mathcal{E}_6$} \\ \cmidrule(lr){2-6}  
 $\beta_0$& $-0.000$& $-0.000$& $0.000$& $0.000$& $0.000$\\ 
 $\beta_1$& $0.000$& $0.000$& $0.000$& $0.000$& $0.000$\\ 
 $\beta_2$& $-0.000$& $-0.000$& $-0.000$& $0.000$& $0.000$\\ 
 $\alpha$& $-0.000$& $-0.000$& $0.000$& $0.000$& $0.000$\\ 
NON-OPTIMAL

  1.000   0.038   0.204   0.986 
  0.038   1.000   0.020   0.039 
  0.204   0.020   1.000   0.219 
  0.986   0.039   0.219   1.000 
& \multicolumn{5}{c}{$M_1$} \\ \cmidrule(lr){2-6}  
 $\beta_0$& $-0.503$& $0.001$& $3.066$& $-1.117$& $-2.679$\\ 
 $\beta_1$& $-0.000$& $-0.500$& $0.016$& $-0.010$& $-0.019$\\ 
 $\beta_2$& $-0.000$& $0.000$& $-0.234$& $-0.234$& $-0.197$\\ 
 $\alpha$& $-0.021$& $0.009$& $22.219$& $-8.255$& $-19.619$\\ 
\cmidrule(lr){2-6} 
& \multicolumn{5}{c}{$\mathcal{E}_2$} \\ \cmidrule(lr){2-6}  
 $\beta_0$& $0.028$& $0.000$& $1.282$& $0.474$& $0.421$\\ 
 $\beta_1$& $0.000$& $0.998$& $0.001$& $0.001$& $0.001$\\ 
 $\beta_2$& $0.000$& $0.000$& $0.155$& $0.187$& $0.100$\\ 
 $\alpha$& $0.000$& $0.000$& $1.299$& $0.494$& $0.436$\\ 
\cmidrule(lr){2-6} 
& \multicolumn{5}{c}{$\mathcal{E}_3$} \\ \cmidrule(lr){2-6}  
 $\beta_0$& $0.027$& $0.000$& $1.017$& $0.135$& $0.775$\\ 
 $\beta_1$& $0.000$& $0.998$& $0.001$& $0.000$& $0.001$\\ 
 $\beta_2$& $0.000$& $0.000$& $0.162$& $0.163$& $0.115$\\ 
 $\alpha$& $0.000$& $0.000$& $1.027$& $0.142$& $0.800$\\ 
\cmidrule(lr){2-6} 
& \multicolumn{5}{c}{$\mathcal{E}_4$} \\ \cmidrule(lr){2-6}  
 $\beta_0$& $> \negthinspace 100^*$& $> \negthinspace 100^*$& $4.612$& $0.149$& $0.224$\\ 
 $\beta_1$& $0.323^*$& $> \negthinspace 100^*$& $0.005$& $0.000$& $0.000$\\ 
 $\beta_2$& $0.011^*$& $> \negthinspace 100^*$& $0.583$& $0.077$& $0.065$\\ 
 $\alpha$& $3.737^*$& $> \negthinspace 100^*$& $4.667$& $0.155$& $0.232$\\ 
\cmidrule(lr){2-6} 
& \multicolumn{5}{c}{$\mathcal{E}_5$} \\ \cmidrule(lr){2-6}  
 $\beta_0$& $> \negthinspace 100^*$& $> \negthinspace 100^*$& $4.841$& $0.196$& $0.274$\\ 
 $\beta_1$& $0.324^*$& $> \negthinspace 100^*$& $0.005$& $0.000$& $0.001$\\ 
 $\beta_2$& $0.012^*$& $> \negthinspace 100^*$& $0.584$& $0.077$& $0.065$\\ 
 $\alpha$& $3.935^*$& $> \negthinspace 100^*$& $4.904$& $0.203$& $0.284$\\ 
\cmidrule(lr){2-6} 
& \multicolumn{5}{c}{$\mathcal{E}_6$} \\ \cmidrule(lr){2-6}  
 $\beta_0$& $0.000$& $-0.000$& $-0.049$& $-0.054$& $0.102$\\ 
 $\beta_1$& $0.000$& $0.000$& $-0.000$& $-0.000$& $0.000$\\ 
 $\beta_2$& $0.000$& $-0.000$& $0.002$& $-0.006$& $0.004$\\ 
 $\alpha$& $0.000$& $-0.000$& $-0.049$& $-0.056$& $0.105$\\ 
